1.21028 1.2099 1.20876 1.20687 1.20424 1.2009 1.19685 1.19213 1.18676 1.18079 1.17423 1.16713 1.15952 1.15145 1.14295 1.13406 1.12483 1.11528 1.10545 1.09538 1.08511 1.07466 1.06407 1.05336 1.04256 1.0317 1.0208 1.00988 0.998953 0.988044 0.977168 0.966337 0.955566 0.944865 0.934244 0.923713 0.91328 0.902951 0.892732 0.882628 0.872644 0.862783 0.853049 0.843443 0.833968 0.824624 0.815414 0.806337 0.797394 0.788584 0.779908 
1.22027 1.21989 1.21876 1.21689 1.21428 1.21095 1.20692 1.20222 1.19687 1.19091 1.18436 1.17727 1.16966 1.16158 1.15305 1.14414 1.13486 1.12525 1.11536 1.10522 1.09487 1.08433 1.07364 1.06283 1.05193 1.04095 1.02993 1.01889 1.00785 0.996825 0.985833 0.97489 0.964008 0.953202 0.94248 0.931853 0.921329 0.910915 0.900618 0.890442 0.880393 0.870473 0.860685 0.851033 0.841517 0.83214 0.822901 0.813802 0.804842 0.796021 0.787339 
1.23177 1.23139 1.23026 1.22838 1.22577 1.22243 1.2184 1.21368 1.20831 1.20232 1.19573 1.18859 1.18093 1.17278 1.16418 1.15518 1.1458 1.13609 1.12609 1.11582 1.10534 1.09466 1.08383 1.07287 1.06181 1.05069 1.03952 1.02832 1.01713 1.00595 0.994817 0.983733 0.972717 0.961781 0.950936 0.940193 0.92956 0.919044 0.908653 0.89839 0.888262 0.87827 0.868419 0.85871 0.849144 0.839724 0.830449 0.82132 0.812337 0.803498 0.794804 
1.24479 1.24441 1.24327 1.24137 1.23873 1.23536 1.23128 1.22651 1.22108 1.21502 1.20835 1.20111 1.19334 1.18508 1.17635 1.1672 1.15768 1.14781 1.13764 1.1272 1.11653 1.10566 1.09464 1.08349 1.07224 1.06092 1.04955 1.03817 1.02679 1.01543 1.00412 0.992868 0.98169 0.9706 0.95961 0.94873 0.937969 0.927334 0.916832 0.906468 0.896246 0.886171 0.876244 0.866467 0.856843 0.847371 0.838052 0.828886 0.819872 0.81101 0.802298 
1.25934 1.25896 1.2578 1.25587 1.25318 1.24976 1.2456 1.24075 1.23521 1.22903 1.22224 1.21486 1.20693 1.19849 1.18958 1.18024 1.17051 1.16043 1.15003 1.13936 1.12846 1.11735 1.10609 1.0947 1.0832 1.07165 1.06005 1.04844 1.03683 1.02526 1.01374 1.00229 0.990927 0.979658 0.968499 0.957461 0.946551 0.935779 0.925149 0.914669 0.904341 0.894168 0.884154 0.8743 0.864607 0.855074 0.845703 0.836493 0.827442 0.81855 0.809815 
1.27546 1.27506 1.27387 1.2719 1.26915 1.26564 1.26138 1.2564 1.25073 1.24439 1.23742 1.22985 1.22171 1.21305 1.2039 1.19431 1.18432 1.17396 1.16329 1.15233 1.14114 1.12975 1.11819 1.1065 1.09473 1.08288 1.07101 1.05913 1.04727 1.03545 1.02369 1.01201 1.00042 0.98895 0.977598 0.966379 0.955301 0.944373 0.933599 0.922986 0.912538 0.902256 0.892143 0.882201 0.872429 0.862828 0.853397 0.844135 0.835042 0.826114 0.817351 
1.29317 1.29276 1.29154 1.2895 1.28667 1.28305 1.27866 1.27353 1.26768 1.26114 1.25394 1.24613 1.23773 1.22879 1.21935 1.20945 1.19913 1.18845 1.17743 1.16614 1.15459 1.14285 1.13095 1.11892 1.10681 1.09464 1.08244 1.07025 1.05809 1.04598 1.03395 1.02201 1.01018 0.998471 0.986901 0.975478 0.964212 0.953108 0.942174 0.931413 0.92083 0.910426 0.900203 0.890162 0.880302 0.870624 0.861126 0.851806 0.842663 0.833694 0.824897 
1.31253 1.31211 1.31084 1.30873 1.30579 1.30204 1.29749 1.29216 1.28609 1.27931 1.27185 1.26374 1.25502 1.24575 1.23595 1.22568 1.21498 1.20391 1.19249 1.18079 1.16884 1.1567 1.14439 1.13197 1.11946 1.10691 1.09435 1.0818 1.0693 1.05686 1.04452 1.03229 1.02018 1.00821 0.9964 0.984751 0.973274 0.961977 0.950864 0.93994 0.929208 0.91867 0.908325 0.898175 0.888219 0.878455 0.868882 0.859497 0.850299 0.841284 0.832449 
1.3336 1.33316 1.33184 1.32964 1.32658 1.32266 1.31792 1.31237 1.30604 1.29897 1.29118 1.28273 1.27364 1.26397 1.25376 1.24305 1.23191 1.22037 1.20849 1.19632 1.1839 1.17129 1.15852 1.14564 1.13269 1.11971 1.10673 1.09378 1.08089 1.06809 1.0554 1.04284 1.03042 1.01817 1.00609 0.994187 0.982479 0.970969 0.95966 0.948558 0.937663 0.926977 0.9165 0.906231 0.896169 0.886312 0.876657 0.867201 0.857942 0.848875 0.839998 
1.35646 1.35599 1.35461 1.35231 1.3491 1.345 1.34003 1.33422 1.32759 1.32017 1.31202 1.30316 1.29364 1.28351 1.27281 1.26161 1.24995 1.23788 1.22547 1.21275 1.1998 1.18665 1.17335 1.15996 1.1465 1.13303 1.11958 1.10618 1.09287 1.07966 1.06658 1.05366 1.0409 1.02833 1.01595 1.00378 0.991815 0.980072 0.968551 0.957254 0.946183 0.935337 0.924717 0.914319 0.904143 0.894185 0.884442 0.874909 0.865584 0.856461 0.847537 
1.38118 1.38069 1.37924 1.37682 1.37344 1.36913 1.3639 1.35778 1.3508 1.343 1.33442 1.3251 1.31508 1.30442 1.29317 1.2814 1.26914 1.25647 1.24345 1.23012 1.21655 1.2028 1.1889 1.17492 1.16091 1.14689 1.13291 1.11901 1.10522 1.09156 1.07805 1.06473 1.0516 1.03868 1.02598 1.01351 1.00127 0.989275 0.977523 0.966017 0.954756 0.943739 0.932964 0.922429 0.912131 0.902065 0.892227 0.882612 0.873216 0.864033 0.855058 
1.40787 1.40735 1.40582 1.40326 1.3997 1.39514 1.38962 1.38316 1.37579 1.36754 1.35847 1.34862 1.33804 1.32678 1.3149 1.30247 1.28955 1.27619 1.26247 1.24845 1.23419 1.21975 1.20519 1.19056 1.1759 1.16128 1.14671 1.13226 1.11793 1.10378 1.08981 1.07604 1.0625 1.0492 1.03615 1.02336 1.01083 0.998561 0.986563 0.974832 0.963368 0.952168 0.94123 0.930549 0.92012 0.90994 0.900001 0.8903 0.880829 0.871582 0.862554 
1.43663 1.43609 1.43446 1.43175 1.42798 1.42315 1.4173 1.41045 1.40263 1.39389 1.38427 1.37382 1.3626 1.35066 1.33807 1.3249 1.31122 1.29709 1.28259 1.26778 1.25274 1.23754 1.22222 1.20686 1.1915 1.17619 1.16098 1.14591 1.13101 1.1163 1.10182 1.08758 1.0736 1.05989 1.04646 1.03332 1.02047 1.00792 0.995653 0.983684 0.972004 0.960611 0.9495 0.938664 0.9281 0.917799 0.907755 0.897962 0.888413 0.8791 0.870016 
1.46759 1.46701 1.46529 1.46241 1.4584 1.45327 1.44705 1.43976 1.43145 1.42215 1.41192 1.4008 1.38886 1.37615 1.36276 1.34876 1.33422 1.31922 1.30384 1.28815 1.27224 1.25617 1.24001 1.22384 1.20769 1.19164 1.17571 1.15997 1.14443 1.12913 1.11409 1.09933 1.08487 1.07072 1.05689 1.04337 1.03018 1.01732 1.00478 0.992556 0.980649 0.969052 0.957759 0.946763 0.936055 0.925629 0.915476 0.905589 0.895958 0.886576 0.877434 
1.50088 1.50027 1.49843 1.49537 1.4911 1.48564 1.47901 1.47124 1.46238 1.45246 1.44153 1.42966 1.41691 1.40336 1.38907 1.37413 1.35862 1.34264 1.32627 1.30959 1.2927 1.27567 1.25858 1.2415 1.22449 1.2076 1.19089 1.1744 1.15817 1.14222 1.12658 1.11126 1.09629 1.08167 1.0674 1.05349 1.03994 1.02675 1.01392 1.00143 0.989284 0.977475 0.965993 0.954829 0.943974 0.933418 0.923153 0.913168 0.903454 0.894001 0.8848 
1.53666 1.53601 1.53405 1.53078 1.52623 1.5204 1.51332 1.50502 1.49555 1.48494 1.47325 1.46055 1.4469 1.43238 1.41708 1.40109 1.3845 1.36742 1.34993 1.33215 1.31417 1.29606 1.27793 1.25985 1.24187 1.22408 1.20651 1.18921 1.17222 1.15557 1.13927 1.12336 1.10783 1.0927 1.07798 1.06365 1.04972 1.03619 1.02305 1.01028 0.997891 0.985861 0.974183 0.962846 0.951839 0.941151 0.930771 0.920687 0.910888 0.901364 0.892104 
1.57508 1.57439 1.57229 1.56881 1.56394 1.55772 1.55015 1.54127 1.53113 1.51976 1.50723 1.4936 1.47894 1.46335 1.44692 1.42975 1.41195 1.39363 1.3749 1.35588 1.33667 1.31737 1.29808 1.27888 1.25985 1.24105 1.22254 1.20436 1.18654 1.16913 1.15214 1.13558 1.11947 1.10381 1.08859 1.07383 1.0595 1.04561 1.03215 1.01909 1.00645 0.99419 0.982312 0.970798 0.959637 0.948814 0.938318 0.928134 0.918251 0.908656 0.899337 
1.61633 1.61558 1.61335 1.60963 1.60443 1.59778 1.58968 1.58017 1.5693 1.5571 1.54363 1.52897 1.5132 1.49642 1.47872 1.46023 1.44106 1.42135 1.40123 1.38081 1.36024 1.3396 1.31903 1.2986 1.2784 1.2585 1.23895 1.21981 1.20112 1.18289 1.16515 1.1479 1.13117 1.11494 1.09921 1.08399 1.06925 1.05498 1.04119 1.02784 1.01493 1.00244 0.99036 0.978667 0.96735 0.956392 0.945779 0.935496 0.925529 0.915864 0.906488 
1.66058 1.65979 1.65741 1.65344 1.64789 1.64077 1.63211 1.62192 1.61025 1.59714 1.58266 1.56686 1.54986 1.53174 1.51262 1.49265 1.47195 1.45068 1.42899 1.40702 1.3849 1.36279 1.34078 1.31899 1.2975 1.27639 1.25573 1.23555 1.2159 1.19679 1.17825 1.16028 1.14289 1.12607 1.10981 1.0941 1.07893 1.06428 1.05015 1.0365 1.02332 1.0106 0.998306 0.986434 0.97496 0.963868 0.95314 0.94276 0.932711 0.922979 0.913548 
1.70804 1.7072 1.70466 1.70043 1.69451 1.68691 1.67764 1.66673 1.65421 1.64012 1.62452 1.60748 1.5891 1.5695 1.54881 1.52717 1.50475 1.48172 1.45826 1.43453 1.41071 1.38693 1.36333 1.34003 1.31713 1.2947 1.27282 1.25152 1.23084 1.2108 1.19141 1.17267 1.15459 1.13714 1.12033 1.10412 1.08851 1.07347 1.05899 1.04503 1.03159 1.01863 1.00613 0.994078 0.98245 0.971226 0.960386 0.949911 0.939784 0.929988 0.920505 
1.75892 1.75802 1.75532 1.75082 1.74452 1.73642 1.72653 1.71485 1.70142 1.68628 1.66947 1.65107 1.63118 1.60993 1.58747 1.56396 1.5396 1.51459 1.48913 1.46343 1.43767 1.41203 1.38666 1.3617 1.33724 1.31338 1.29017 1.26766 1.24588 1.22484 1.20456 1.18502 1.16621 1.14813 1.13074 1.11402 1.09796 1.08252 1.06769 1.05342 1.0397 1.02651 1.01381 1.00158 0.989802 0.978449 0.9675 0.956936 0.946735 0.936879 0.927351 
1.81341 1.81246 1.80961 1.80484 1.79816 1.78955 1.77901 1.76654 1.75216 1.73589 1.71778 1.6979 1.67636 1.65328 1.62883 1.60322 1.57666 1.5494 1.52168 1.49375 1.46582 1.4381 1.41076 1.38395 1.35779 1.33236 1.30772 1.28391 1.26096 1.23887 1.21765 1.19727 1.17771 1.15896 1.14098 1.12375 1.10723 1.09139 1.0762 1.06163 1.04765 1.03422 1.02132 1.00892 0.996994 0.985519 0.974468 0.963819 0.953551 0.943642 0.934073 
1.87174 1.87074 1.86774 1.86271 1.85565 1.84654 1.83536 1.82209 1.80672 1.78928 1.76979 1.74831 1.72494 1.69984 1.67317 1.64518 1.61613 1.58631 1.55602 1.52555 1.49517 1.46511 1.43558 1.40673 1.3787 1.35156 1.32538 1.30019 1.276 1.25281 1.2306 1.20935 1.18902 1.16959 1.15102 1.13326 1.11628 1.10004 1.08451 1.06963 1.05538 1.04173 1.02863 1.01607 1.00401 0.992418 0.981273 0.970548 0.960219 0.950264 0.940662 
1.9341 1.93305 1.92991 1.92465 1.91724 1.90765 1.89584 1.88178 1.86544 1.84679 1.82585 1.80266 1.77732 1.74996 1.72081 1.69012 1.65823 1.62548 1.59225 1.55889 1.52573 1.49304 1.46106 1.42996 1.39988 1.3709 1.34306 1.3164 1.2909 1.26656 1.24333 1.22118 1.20008 1.17996 1.16079 1.14251 1.12507 1.10844 1.09255 1.07738 1.06288 1.04901 1.03573 1.02302 1.01082 0.999128 0.987898 0.977106 0.966726 0.956734 0.947107 
2.00067 1.99959 1.99633 1.99086 1.98315 1.97314 1.96076 1.94596 1.92866 1.90881 1.88638 1.86139 1.83391 1.80408 1.77213 1.73838 1.70322 1.6671 1.63048 1.5938 1.55747 1.52182 1.4871 1.45353 1.42121 1.39024 1.36064 1.33242 1.30556 1.28002 1.25575 1.2327 1.2108 1.19 1.17023 1.15143 1.13355 1.11652 1.10031 1.08486 1.07011 1.05604 1.04259 1.02973 1.01742 1.00563 0.994327 0.983479 0.973059 0.96304 0.953398 
2.07161 2.07049 2.06715 2.06153 2.05359 2.04324 2.03039 2.01494 1.99677 1.97577 1.95187 1.92502 1.89526 1.86271 1.82762 1.79036 1.75142 1.71138 1.67082 1.63031 1.59036 1.55135 1.51359 1.47728 1.44254 1.40943 1.37797 1.34813 1.31986 1.2931 1.26777 1.2438 1.22111 1.19963 1.17927 1.15997 1.14166 1.12427 1.10774 1.09202 1.07705 1.06278 1.04918 1.03619 1.02378 1.01191 1.00054 0.989653 0.979204 0.96917 0.959525 
2.14701 2.14588 2.1425 2.13681 2.12874 2.11818 2.10501 2.08906 2.07016 2.04815 2.02285 1.99416 1.96201 1.92651 1.88788 1.84658 1.80322 1.75855 1.71337 1.66841 1.62429 1.58149 1.54033 1.50102 1.46367 1.4283 1.39488 1.36336 1.33365 1.30565 1.27926 1.25439 1.23093 1.20878 1.18786 1.16808 1.14935 1.13161 1.11479 1.09882 1.08365 1.06922 1.05548 1.04238 1.02988 1.01795 1.00653 0.995613 0.985149 0.975113 0.965476 
2.22692 2.2258 2.22244 2.21678 2.20872 2.19813 2.18484 2.16863 2.14926 2.12646 2.09996 2.06951 2.03496 1.99629 1.9537 1.9077 1.85909 1.80891 1.75823 1.70803 1.6591 1.61199 1.56707 1.5245 1.48435 1.4466 1.41117 1.37793 1.34677 1.31754 1.29012 1.26437 1.24016 1.21738 1.19592 1.17569 1.15658 1.13852 1.12144 1.10525 1.08989 1.07531 1.06145 1.04827 1.0357 1.02372 1.01228 1.00135 0.990882 0.980858 0.971244 
2.31131 2.31022 2.30696 2.30145 2.29358 2.28319 2.27005 2.25391 2.23442 2.21122 2.18387 2.15195 2.1151 2.07312 2.0261 1.97459 1.91965 1.86275 1.80542 1.74901 1.6945 1.64253 1.59345 1.54737 1.50428 1.46407 1.42659 1.39164 1.35905 1.32863 1.30021 1.27362 1.24871 1.22534 1.20339 1.18274 1.1633 1.14495 1.12763 1.11125 1.09574 1.08104 1.06709 1.05384 1.04123 1.02922 1.01777 1.00684 0.996389 0.986394 0.976817 
2.40003 2.39901 2.39593 2.39073 2.38326 2.37335 2.36074 2.34509 2.326 2.30294 2.27532 2.24246 2.20368 2.15843 2.10653 2.04848 1.98569 1.92038 1.85488 1.79102 1.73004 1.67262 1.61901 1.56922 1.52309 1.4804 1.44088 1.40427 1.37031 1.33876 1.3094 1.28204 1.25648 1.23258 1.2102 1.18919 1.16944 1.15086 1.13334 1.1168 1.10117 1.08638 1.07237 1.05907 1.04644 1.03442 1.02298 1.01207 1.00166 0.99171 0.982188 
2.49283 2.4919 2.48912 2.48438 2.47757 2.46847 2.45681 2.44221 2.42418 2.40206 2.37506 2.34216 2.30224 2.25414 2.19706 2.13114 2.05826 1.98209 1.90629 1.83345 1.76501 1.70155 1.64312 1.5895 1.54033 1.49521 1.45375 1.41557 1.38034 1.34776 1.31756 1.28951 1.2634 1.23904 1.21627 1.19496 1.17497 1.15619 1.13852 1.12187 1.10616 1.09131 1.07726 1.06394 1.05131 1.03932 1.02791 1.01704 1.00668 0.996797 0.987346 
2.58933 2.58853 2.58614 2.58206 2.57616 2.56825 2.55803 2.54511 2.52896 2.50881 2.48368 2.45221 2.41265 2.36289 2.30082 2.22541 2.13878 2.04791 1.95889 1.87522 1.79831 1.72836 1.66499 1.60758 1.5555 1.50811 1.46488 1.4253 1.38895 1.35548 1.32456 1.29594 1.26936 1.24463 1.22156 1.20001 1.17984 1.16092 1.14315 1.12642 1.11066 1.09579 1.08174 1.06844 1.05584 1.04389 1.03253 1.02173 1.01145 1.00165 0.992283 
2.68901 2.68837 2.68647 2.68321 2.6785 2.67214 2.66388 2.65334 2.63999 2.62308 2.60148 2.57358 2.53699 2.48826 2.42286 2.33631 2.2291 2.11718 2.01096 1.91448 1.82835 1.75179 1.68365 1.62274 1.56806 1.51871 1.47396 1.43321 1.39596 1.36177 1.33029 1.30122 1.27429 1.24929 1.22601 1.2043 1.18401 1.16501 1.14719 1.13044 1.11468 1.09982 1.0858 1.07255 1.06001 1.04812 1.03685 1.02614 1.01595 1.00625 0.996992 
2.7912 2.79076 2.78943 2.78717 2.78387 2.77941 2.77358 2.76609 2.7565 2.74416 2.72806 2.70659 2.67703 2.63471 2.57148 2.47432 2.33101 2.18717 2.05892 1.94821 1.8529 1.77028 1.69801 1.63423 1.57746 1.52659 1.48071 1.4391 1.40119 1.3665 1.33464 1.30527 1.27813 1.25296 1.22957 1.20779 1.18746 1.16844 1.15062 1.1339 1.11818 1.10338 1.08942 1.07625 1.0638 1.05201 1.04084 1.03024 1.02017 1.01059 1.00147 
2.89515 2.89493 2.89424 2.89308 2.89138 2.88908 2.88606 2.88216 2.87713 2.87059 2.86191 2.85 2.83283 2.80613 2.75978 2.66649 2.44245 2.24958 2.096 1.97198 1.86921 1.78212 1.70701 1.64132 1.58324 1.53144 1.48488 1.44279 1.40452 1.36957 1.33753 1.30804 1.28081 1.25561 1.23221 1.21044 1.19014 1.17117 1.15342 1.13678 1.12115 1.10644 1.0926 1.07954 1.06721 1.05554 1.04451 1.03404 1.02411 1.01467 1.0057 
3 3 3 3 3 3 3 3 3 3 3 3 3 3 3 3 2.53576 2.28289 2.11126 1.98047 1.87461 1.78587 1.70979 1.64351 1.58506 1.53302 1.48632 1.44415 1.40585 1.37091 1.3389 1.30947 1.28231 1.2572 1.2339 1.21223 1.19205 1.1732 1.15558 1.13907 1.12357 1.10901 1.09531 1.0824 1.07022 1.05871 1.04783 1.03753 1.02776 1.01849 1.00968 
2.89113 2.89091 2.89025 2.88912 2.88747 2.88523 2.88229 2.87848 2.87355 2.86712 2.85856 2.8468 2.82978 2.80324 2.75706 2.66396 2.44012 2.24745 2.09409 1.97029 1.86775 1.7809 1.70603 1.6406 1.58278 1.53124 1.48496 1.44314 1.40515 1.37049 1.33874 1.30954 1.28262 1.25771 1.23462 1.21316 1.19317 1.17452 1.15709 1.14076 1.12545 1.11108 1.09756 1.08483 1.07283 1.06151 1.05081 1.04069 1.03111 1.02202 1.0134 
2.78313 2.7827 2.78142 2.77922 2.77602 2.77168 2.76601 2.75869 2.74931 2.7372 2.72136 2.70016 2.67091 2.62891 2.56604 2.46924 2.32633 2.18289 2.05508 1.94481 1.84996 1.76782 1.69605 1.63277 1.57652 1.52618 1.48085 1.43979 1.40245 1.36833 1.33705 1.30827 1.28172 1.25716 1.23438 1.21322 1.19351 1.17512 1.15794 1.14185 1.12678 1.11263 1.09933 1.08682 1.07504 1.06393 1.05344 1.04353 1.03415 1.02528 1.01686 
2.67683 2.67621 2.67437 2.67122 2.66665 2.66049 2.65245 2.64218 2.62914 2.61257 2.59136 2.56388 2.52775 2.47951 2.41463 2.32863 2.22202 2.11071 2.00513 1.90933 1.8239 1.74806 1.68065 1.62051 1.5666 1.51805 1.47412 1.43421 1.3978 1.36448 1.33387 1.30568 1.27965 1.25555 1.2332 1.21242 1.19306 1.175 1.15813 1.14234 1.12755 1.11367 1.10064 1.08838 1.07684 1.06597 1.05572 1.04604 1.0369 1.02825 1.02006 
2.57296 2.57219 2.56988 2.56594 2.56024 2.55257 2.54266 2.53011 2.51436 2.49468 2.47006 2.43916 2.40021 2.35111 2.28974 2.21507 2.12923 2.03918 1.95103 1.86826 1.79228 1.72329 1.66091 1.60452 1.55348 1.50716 1.46502 1.42655 1.39134 1.35902 1.32927 1.30182 1.27644 1.25292 1.23109 1.21077 1.19185 1.17419 1.15769 1.14224 1.12778 1.11421 1.10147 1.0895 1.07824 1.06763 1.05764 1.04822 1.03933 1.03093 1.02299 
2.47216 2.47126 2.46858 2.46402 2.45746 2.44868 2.4374 2.42325 2.40574 2.3842 2.35784 2.32566 2.2865 2.23923 2.18303 2.11805 2.04615 1.97102 1.8963 1.82459 1.75732 1.69506 1.63788 1.58553 1.53767 1.49389 1.4538 1.41702 1.38321 1.35207 1.32334 1.29677 1.27215 1.24931 1.22808 1.20832 1.18989 1.17269 1.15661 1.14156 1.12746 1.11425 1.10184 1.09018 1.07923 1.06892 1.05921 1.05007 1.04145 1.03332 1.02564 
2.3749 2.37392 2.37098 2.36598 2.35881 2.34928 2.33714 2.32204 2.30357 2.28122 2.25438 2.22238 2.18452 2.14027 2.08944 2.03251 1.97091 1.90686 1.84266 1.78016 1.72059 1.66462 1.61251 1.56426 1.51971 1.47863 1.44076 1.40583 1.37358 1.34377 1.31617 1.29059 1.26685 1.24477 1.22423 1.20508 1.18722 1.17053 1.15492 1.14031 1.12662 1.11379 1.10175 1.09044 1.07981 1.06982 1.06043 1.05158 1.04325 1.03541 1.02802 
2.28156 2.28052 2.27741 2.27215 2.26463 2.25469 2.2421 2.2266 2.20785 2.18547 2.15904 2.12813 2.09237 2.05156 2.0058 1.95561 1.90207 1.84663 1.79084 1.73602 1.68317 1.63291 1.58558 1.54131 1.50007 1.46176 1.42621 1.39323 1.36264 1.33426 1.3079 1.28339 1.2606 1.23937 1.21957 1.20111 1.18385 1.16773 1.15264 1.13851 1.12527 1.11285 1.10121 1.09027 1.08 1.07036 1.06129 1.05276 1.04475 1.03721 1.03011 
2.19234 2.19128 2.18809 2.18272 2.17507 2.16499 2.15233 2.13686 2.11834 2.0965 2.07106 2.04178 2.00848 1.97116 1.93001 1.88554 1.83854 1.79005 1.74113 1.69277 1.64574 1.6006 1.5577 1.51721 1.47919 1.44362 1.4104 1.37943 1.35057 1.32368 1.29862 1.27527 1.25348 1.23315 1.21417 1.19643 1.17984 1.16432 1.14979 1.13618 1.12342 1.11145 1.10023 1.08969 1.0798 1.07052 1.0618 1.05361 1.04593 1.03871 1.03193 
2.10736 2.1063 2.10311 2.09775 2.09014 2.08018 2.06772 2.05261 2.03468 2.01376 1.98967 1.96228 1.93157 1.8976 1.86061 1.82105 1.77951 1.73677 1.69358 1.65071 1.60874 1.56817 1.5293 1.49235 1.45741 1.42451 1.39361 1.36465 1.33754 1.31218 1.28847 1.26631 1.24559 1.22621 1.20808 1.19111 1.17522 1.16035 1.14641 1.13334 1.12109 1.1096 1.09882 1.08871 1.07922 1.07032 1.06197 1.05414 1.04679 1.03991 1.03346 
2.02662 2.02558 2.02246 2.01721 2.00979 2.0001 1.98806 1.97355 1.95647 1.93669 1.91415 1.88878 1.86062 1.8298 1.79655 1.76124 1.72435 1.68646 1.64814 1.60997 1.57244 1.53593 1.50074 1.46707 1.43503 1.40469 1.37604 1.34906 1.3237 1.29989 1.27755 1.25661 1.23698 1.21859 1.20134 1.18518 1.17003 1.15583 1.14251 1.13002 1.1183 1.10731 1.097 1.08733 1.07827 1.06977 1.0618 1.05434 1.04735 1.04081 1.0347 
1.95005 1.94904 1.94603 1.94097 1.93384 1.92457 1.91309 1.89934 1.88326 1.86477 1.84385 1.82051 1.79482 1.76691 1.737 1.70542 1.67255 1.63882 1.6047 1.57062 1.53697 1.50409 1.47223 1.44159 1.41227 1.38436 1.35788 1.33284 1.30921 1.28694 1.26598 1.24627 1.22776 1.21036 1.19403 1.17871 1.16432 1.15081 1.13814 1.12624 1.11508 1.10461 1.09479 1.08558 1.07695 1.06886 1.06129 1.05421 1.0476 1.04142 1.03566 
1.87749 1.87653 1.87366 1.86886 1.86209 1.85332 1.84251 1.82962 1.81461 1.79747 1.7782 1.75684 1.73347 1.70824 1.68135 1.65306 1.62369 1.59359 1.56311 1.53262 1.50242 1.47279 1.44396 1.41609 1.38931 1.3637 1.3393 1.31613 1.29418 1.27343 1.25384 1.23537 1.21797 1.2016 1.1862 1.17172 1.15811 1.14532 1.13331 1.12203 1.11145 1.10151 1.0922 1.08346 1.07528 1.06762 1.06046 1.05378 1.04754 1.04173 1.03633 
1.80877 1.80787 1.80517 1.80065 1.79429 1.78608 1.77599 1.76401 1.75013 1.73434 1.71669 1.69722 1.67603 1.65325 1.62907 1.60372 1.57744 1.55052 1.52326 1.49593 1.4688 1.4421 1.41602 1.39071 1.36629 1.34284 1.32042 1.29905 1.27873 1.25946 1.24123 1.22399 1.20771 1.19236 1.1779 1.16428 1.15146 1.1394 1.12807 1.11742 1.10742 1.09804 1.08924 1.08099 1.07327 1.06605 1.05931 1.05303 1.04718 1.04174 1.03671 
1.74367 1.74283 1.74031 1.7361 1.73018 1.72256 1.71323 1.70217 1.68941 1.67496 1.65886 1.64118 1.62201 1.60148 1.57976 1.55703 1.5335 1.50941 1.485 1.4605 1.43612 1.41206 1.38848 1.36553 1.34331 1.32189 1.30134 1.28169 1.26295 1.24513 1.22822 1.21219 1.19703 1.1827 1.16917 1.15642 1.1444 1.13309 1.12244 1.11243 1.10303 1.09421 1.08594 1.07819 1.07094 1.06417 1.05785 1.05197 1.04652 1.04147 1.0368 
1.68195 1.68117 1.67884 1.67494 1.66949 1.66246 1.65388 1.64375 1.63209 1.61892 1.60431 1.58831 1.57102 1.55255 1.53305 1.51268 1.49162 1.47007 1.44821 1.42624 1.40434 1.38268 1.3614 1.34062 1.32044 1.30093 1.28215 1.26414 1.24692 1.2305 1.21488 1.20004 1.18598 1.17266 1.16007 1.14818 1.13697 1.1264 1.11645 1.10709 1.0983 1.09004 1.0823 1.07506 1.06829 1.06197 1.05609 1.05062 1.04557 1.0409 1.03661 
1.62336 1.62264 1.6205 1.61692 1.61192 1.6055 1.59766 1.58843 1.57783 1.5659 1.55268 1.53826 1.5227 1.50613 1.48866 1.47043 1.45159 1.43231 1.41275 1.39307 1.37343 1.35395 1.33478 1.31601 1.29773 1.28001 1.26292 1.24647 1.23071 1.21564 1.20127 1.1876 1.17461 1.1623 1.15064 1.13962 1.12921 1.11938 1.11013 1.10143 1.09324 1.08556 1.07836 1.07163 1.06534 1.05947 1.05403 1.04898 1.04432 1.04004 1.03613 
1.56763 1.56698 1.56503 1.56177 1.55722 1.55138 1.54427 1.53591 1.52633 1.51556 1.50367 1.49071 1.47676 1.46192 1.4463 1.43002 1.4132 1.39599 1.37852 1.36092 1.34333 1.32587 1.30863 1.29172 1.27522 1.25919 1.24368 1.22873 1.21436 1.2006 1.18745 1.17491 1.16298 1.15166 1.14092 1.13075 1.12114 1.11206 1.10351 1.09546 1.08789 1.08078 1.07413 1.0679 1.0621 1.05669 1.05168 1.04705 1.0428 1.0389 1.03537 
1.51453 1.51394 1.51217 1.50923 1.50512 1.49984 1.49343 1.4859 1.47729 1.46763 1.45697 1.44538 1.43292 1.41968 1.40576 1.39126 1.37629 1.36096 1.34539 1.3297 1.314 1.29838 1.28294 1.26777 1.25293 1.23848 1.22448 1.21095 1.19792 1.18542 1.17345 1.16202 1.15113 1.14077 1.13093 1.12162 1.1128 1.10447 1.09661 1.08921 1.08226 1.07573 1.06962 1.0639 1.05858 1.05364 1.04906 1.04485 1.04099 1.03748 1.03432 
1.46381 1.46328 1.46169 1.45904 1.45535 1.45062 1.44488 1.43814 1.43045 1.42183 1.41233 1.40201 1.39094 1.37918 1.36683 1.35396 1.34068 1.32709 1.31327 1.29933 1.28537 1.27146 1.2577 1.24415 1.23087 1.21792 1.20534 1.19316 1.18142 1.17013 1.15931 1.14895 1.13907 1.12967 1.12073 1.11225 1.10422 1.09663 1.08946 1.08272 1.07637 1.07042 1.06485 1.05965 1.05481 1.05032 1.04618 1.04238 1.03891 1.03579 1.03299 
1.41521 1.41474 1.41333 1.41097 1.40768 1.40348 1.39837 1.39239 1.38556 1.37792 1.36951 1.36038 1.3506 1.34022 1.32931 1.31796 1.30625 1.29425 1.28205 1.26974 1.25739 1.24508 1.23288 1.22084 1.20904 1.1975 1.18628 1.1754 1.16489 1.15477 1.14506 1.13575 1.12686 1.11838 1.11032 1.10267 1.09542 1.08856 1.08209 1.07599 1.07025 1.06488 1.05985 1.05515 1.05079 1.04675 1.04304 1.03965 1.03657 1.03382 1.03138 
1.36852 1.36811 1.36686 1.36478 1.36188 1.35817 1.35367 1.3484 1.34239 1.33568 1.32829 1.32028 1.3117 1.3026 1.29305 1.28311 1.27284 1.26233 1.25164 1.24084 1.22999 1.21917 1.20844 1.19784 1.18742 1.17724 1.16731 1.15767 1.14835 1.13936 1.13072 1.12243 1.11451 1.10695 1.09975 1.09291 1.08642 1.08029 1.0745 1.06905 1.06392 1.05912 1.05462 1.05043 1.04654 1.04295 1.03966 1.03667 1.03397 1.03158 1.0295 
1.32352 1.32315 1.32206 1.32025 1.31771 1.31448 1.31056 1.30597 1.30074 1.2949 1.28848 1.28152 1.27407 1.26617 1.25788 1.24925 1.24034 1.23122 1.22194 1.21255 1.20313 1.19371 1.18436 1.17512 1.16602 1.15712 1.14843 1.13999 1.13181 1.12391 1.11632 1.10902 1.10204 1.09537 1.08902 1.08299 1.07726 1.07185 1.06674 1.06192 1.0574 1.05316 1.0492 1.04551 1.04209 1.03893 1.03605 1.03345 1.03112 1.02908 1.02734 
1.27997 1.27966 1.27872 1.27716 1.27498 1.2722 1.26883 1.26489 1.2604 1.25539 1.24988 1.24391 1.23753 1.23076 1.22366 1.21627 1.20864 1.20082 1.19286 1.18481 1.17672 1.16864 1.1606 1.15265 1.14482 1.13714 1.12964 1.12235 1.11528 1.10844 1.10186 1.09554 1.08948 1.08369 1.07817 1.07293 1.06795 1.06325 1.05881 1.05463 1.05071 1.04703 1.0436 1.0404 1.03744 1.03471 1.03223 1.03 1.02803 1.02632 1.0249 
1.2377 1.23743 1.23664 1.23532 1.23348 1.23114 1.22829 1.22497 1.22118 1.21696 1.21232 1.2073 1.20192 1.19623 1.19025 1.18403 1.17761 1.17103 1.16432 1.15755 1.15073 1.14391 1.13712 1.13041 1.12379 1.11729 1.11094 1.10476 1.09876 1.09296 1.08737 1.08199 1.07683 1.07191 1.06721 1.06274 1.05851 1.05451 1.05073 1.04719 1.04386 1.04075 1.03784 1.03513 1.03262 1.03031 1.02821 1.02634 1.0247 1.02332 1.0222 
1.19648 1.19627 1.19562 1.19453 1.19302 1.19109 1.18875 1.18602 1.18291 1.17944 1.17564 1.17151 1.1671 1.16243 1.15752 1.15242 1.14715 1.14175 1.13625 1.13068 1.12508 1.11947 1.11389 1.10837 1.10291 1.09756 1.09232 1.08722 1.08226 1.07747 1.07284 1.06839 1.06412 1.06004 1.05615 1.05246 1.04895 1.04565 1.04253 1.03962 1.03689 1.03434 1.03196 1.02973 1.02765 1.02574 1.02401 1.02248 1.02115 1.02007 1.01924 
1.15615 1.15598 1.15546 1.15461 1.15341 1.15188 1.15004 1.14788 1.14542 1.14268 1.13967 1.13641 1.13292 1.12923 1.12536 1.12133 1.11716 1.1129 1.10855 1.10415 1.09972 1.09529 1.09087 1.08649 1.08217 1.07793 1.07377 1.06972 1.06579 1.06197 1.0583 1.05476 1.05136 1.04812 1.04502 1.04208 1.0393 1.03668 1.03422 1.03193 1.0298 1.02783 1.02597 1.02422 1.02257 1.02104 1.01965 1.01843 1.0174 1.01659 1.01601 
1.11651 1.11638 1.116 1.11536 1.11447 1.11334 1.11197 1.11036 1.10853 1.1065 1.10426 1.10184 1.09925 1.09651 1.09364 1.09064 1.08755 1.08438 1.08115 1.07788 1.07459 1.07129 1.06801 1.06475 1.06153 1.05837 1.05528 1.05226 1.04932 1.04648 1.04374 1.04109 1.03856 1.03613 1.03382 1.03163 1.02956 1.02762 1.0258 1.02414 1.02262 1.02124 1.01993 1.01865 1.0174 1.01623 1.01516 1.01422 1.01345 1.01288 1.01253 
1.07739 1.07731 1.07705 1.07663 1.07604 1.07529 1.07438 1.07332 1.07211 1.07076 1.06928 1.06767 1.06596 1.06415 1.06224 1.06026 1.05821 1.05612 1.05398 1.05181 1.04963 1.04745 1.04527 1.04311 1.04098 1.03888 1.03683 1.03482 1.03287 1.03099 1.02916 1.02741 1.02572 1.02411 1.02258 1.02112 1.01975 1.01847 1.01729 1.01624 1.01534 1.01463 1.01388 1.01306 1.0122 1.01134 1.01055 1.00986 1.00931 1.00895 1.0088 
1.03861 1.03857 1.03844 1.03823 1.03794 1.03756 1.03711 1.03658 1.03598 1.03531 1.03457 1.03377 1.03292 1.03202 1.03107 1.03008 1.02906 1.02802 1.02695 1.02587 1.02479 1.0237 1.02261 1.02154 1.02048 1.01943 1.01841 1.01741 1.01643 1.01549 1.01458 1.01371 1.01287 1.01206 1.0113 1.01057 1.00989 1.00926 1.00868 1.0082 1.0079 1.00807 1.00794 1.00754 1.007 1.00642 1.00585 1.00536 1.005 1.00481 1.00482 
1 1 1 1 1 1 1 1 1 1 1 1 1 1 1 1 1 1 1 1 1 1 1 1 1 1 1 1 1 1 1 1 1 1 1 1 1 1 1 1 1 1.0018 1.00225 1.00218 1.00187 1.00148 1.00109 1.00075 1.00054 1.00047 1.0006 
1.00029 1.00029 1.00027 1.00025 1.00022 1.00018 1.00014 1.00009 1.00002 0.999954 0.999877 0.999793 0.999702 0.999604 0.999499 0.999389 0.999272 0.99915 0.999023 0.998891 0.998755 0.998615 0.99847 0.998323 0.998173 0.998021 0.997866 0.997711 0.997555 0.997398 0.997242 0.997087 0.996934 0.996784 0.996639 0.996501 0.996373 0.996261 0.996179 0.996158 0.996287 0.996853 0.997097 0.997053 0.996839 0.996552 0.996265 0.996037 0.995915 0.995941 0.996152 
1.0006 1.00059 1.00056 1.00052 1.00046 1.00039 1.00029 1.00019 1.00006 0.999924 0.99977 0.999601 0.999418 0.999222 0.999013 0.998791 0.998558 0.998313 0.998059 0.997794 0.997521 0.99724 0.996951 0.996656 0.996355 0.99605 0.99574 0.995428 0.995115 0.994801 0.994488 0.994177 0.99387 0.993568 0.993276 0.992995 0.992732 0.992495 0.992297 0.992163 0.992129 0.99222 0.992224 0.9921 0.991885 0.991631 0.991393 0.991218 0.991148 0.991222 0.991475 
1.00094 1.00093 1.00089 1.00082 1.00074 1.00062 1.00048 1.00032 1.00013 0.999925 0.999693 0.999439 0.999164 0.998869 0.998554 0.998221 0.997869 0.997502 0.997118 0.996721 0.996309 0.995886 0.995451 0.995007 0.994554 0.994095 0.993629 0.993159 0.992687 0.992214 0.991742 0.991273 0.990809 0.990353 0.989909 0.989481 0.989074 0.988696 0.988357 0.988071 0.987846 0.987673 0.987481 0.987244 0.986974 0.986701 0.986462 0.986296 0.986237 0.98632 0.986578 
1.00133 1.00131 1.00126 1.00118 1.00106 1.00091 1.00072 1.0005 1.00025 0.999974 0.999663 0.999323 0.998955 0.998559 0.998137 0.997691 0.997221 0.996728 0.996215 0.995682 0.995131 0.994564 0.993982 0.993387 0.99278 0.992164 0.99154 0.990911 0.990278 0.989643 0.989009 0.988379 0.987755 0.98714 0.986539 0.985956 0.985397 0.984867 0.984374 0.983923 0.983518 0.983148 0.982788 0.982427 0.982072 0.981742 0.981464 0.981268 0.981184 0.981241 0.981468 
1.00179 1.00177 1.00171 1.0016 1.00145 1.00126 1.00103 1.00075 1.00044 1.00009 0.999695 0.999268 0.998805 0.998307 0.997777 0.997216 0.996625 0.996005 0.99536 0.99469 0.993997 0.993284 0.992552 0.991804 0.991041 0.990266 0.989482 0.988689 0.987892 0.987093 0.986294 0.985499 0.98471 0.983933 0.983169 0.982425 0.981706 0.981015 0.980359 0.979742 0.979164 0.978622 0.978106 0.977614 0.977153 0.976738 0.97639 0.976132 0.97599 0.975989 0.976154 
1.00234 1.00232 1.00224 1.00211 1.00193 1.0017 1.00141 1.00108 1.0007 1.00028 0.999806 0.999289 0.99873 0.998129 0.997488 0.996809 0.996095 0.995347 0.994567 0.993757 0.99292 0.992058 0.991174 0.990269 0.989347 0.98841 0.987461 0.986503 0.985538 0.98457 0.983602 0.982638 0.98168 0.980734 0.979803 0.978892 0.978005 0.977147 0.976324 0.975537 0.97479 0.974082 0.973411 0.972781 0.972198 0.971676 0.971232 0.970885 0.970656 0.970568 0.970643 
1.00299 1.00296 1.00287 1.00272 1.00251 1.00224 1.0019 1.00151 1.00107 1.00057 1.00001 0.999403 0.998745 0.998038 0.997284 0.996486 0.995645 0.994765 0.993848 0.992895 0.991911 0.990897 0.989856 0.988792 0.987707 0.986604 0.985487 0.984359 0.983222 0.982081 0.98094 0.979801 0.978669 0.977549 0.976444 0.975359 0.974299 0.973269 0.972272 0.971314 0.970396 0.969521 0.968692 0.967914 0.967196 0.966548 0.965985 0.965525 0.965186 0.964985 0.964944 
1.00377 1.00374 1.00363 1.00345 1.00321 1.00289 1.00251 1.00206 1.00155 1.00097 1.00033 0.999626 0.998866 0.998051 0.997181 0.99626 0.99529 0.994275 0.993216 0.992117 0.990982 0.989812 0.988611 0.987383 0.986131 0.984858 0.983568 0.982265 0.980952 0.979633 0.978313 0.976994 0.975683 0.974382 0.973097 0.971833 0.970594 0.969384 0.968209 0.967073 0.965981 0.964935 0.963941 0.963006 0.962138 0.961347 0.960648 0.960054 0.959581 0.959246 0.959067 
1.00469 1.00465 1.00453 1.00433 1.00405 1.00369 1.00326 1.00275 1.00216 1.0015 1.00077 0.999975 0.999111 0.998183 0.997194 0.996146 0.995044 0.993889 0.992685 0.991436 0.990145 0.988814 0.987449 0.986053 0.984628 0.983181 0.981713 0.98023 0.978735 0.977233 0.975728 0.974224 0.972726 0.97124 0.969768 0.968318 0.966892 0.965498 0.964138 0.962819 0.961545 0.960322 0.959156 0.958052 0.957021 0.956073 0.955219 0.954472 0.953847 0.953357 0.953019 
1.00577 1.00573 1.00559 1.00537 1.00505 1.00465 1.00416 1.00358 1.00292 1.00218 1.00136 1.00047 0.999494 0.99845 0.997338 0.996161 0.994921 0.993623 0.992269 0.990865 0.989413 0.987917 0.986382 0.984812 0.98321 0.981582 0.979931 0.978262 0.976579 0.974888 0.973192 0.971496 0.969806 0.968127 0.966462 0.964818 0.9632 0.961613 0.960062 0.958553 0.957091 0.955682 0.954333 0.953051 0.951845 0.950725 0.9497 0.948784 0.947988 0.947326 0.946811 
1.00703 1.00698 1.00683 1.00658 1.00623 1.00578 1.00524 1.00459 1.00386 1.00303 1.00212 1.00112 1.00003 0.998871 0.997631 0.996318 0.994937 0.99349 0.991982 0.990416 0.988798 0.987132 0.985422 0.983672 0.981887 0.980072 0.978231 0.97637 0.974494 0.972606 0.970713 0.968819 0.966929 0.965049 0.963185 0.961341 0.959522 0.957735 0.955985 0.954278 0.95262 0.951017 0.949476 0.948004 0.94661 0.945304 0.944094 0.942993 0.942011 0.941159 0.940451 
1.0085 1.00844 1.00828 1.008 1.00761 1.00711 1.00651 1.0058 1.00498 1.00407 1.00306 1.00195 1.00075 0.999461 0.998089 0.996636 0.995107 0.993506 0.991838 0.990106 0.988316 0.986472 0.98458 0.982644 0.980669 0.978661 0.976624 0.974564 0.972486 0.970396 0.968298 0.966198 0.964102 0.962014 0.959942 0.95789 0.955863 0.953869 0.951912 0.949998 0.948135 0.946328 0.944585 0.942912 0.941319 0.939814 0.938406 0.937105 0.935922 0.934867 0.933949 
1.01019 1.01013 1.00994 1.00964 1.00921 1.00866 1.008 1.00721 1.00632 1.00531 1.0042 1.00298 1.00166 1.00024 0.998729 0.997131 0.995448 0.993687 0.991852 0.989947 0.987978 0.985951 0.98387 0.981741 0.979569 0.97736 0.97512 0.972854 0.970567 0.968266 0.965956 0.963642 0.961331 0.959028 0.95674 0.954471 0.952229 0.950018 0.947845 0.945717 0.943639 0.941619 0.939663 0.93778 0.935975 0.934259 0.93264 0.931127 0.929729 0.928455 0.927316 
1.01213 1.01206 1.01186 1.01152 1.01105 1.01045 1.00972 1.00886 1.00788 1.00678 1.00556 1.00422 1.00278 1.00122 0.999569 0.997819 0.995977 0.994049 0.99204 0.989955 0.987801 0.985582 0.983305 0.980975 0.978598 0.976181 0.973729 0.971249 0.968745 0.966225 0.963694 0.961159 0.958625 0.956098 0.953585 0.951092 0.948625 0.946189 0.943792 0.941439 0.939138 0.936895 0.934716 0.93261 0.930584 0.928645 0.926803 0.925064 0.923439 0.921935 0.920561 
1.01434 1.01426 1.01404 1.01367 1.01316 1.01251 1.01171 1.01077 1.0097 1.0085 1.00716 1.0057 1.00413 1.00243 1.00063 0.99872 0.996712 0.994609 0.992419 0.990146 0.987797 0.985379 0.982897 0.980359 0.977769 0.975135 0.972463 0.969759 0.96703 0.964283 0.961523 0.958757 0.955991 0.953232 0.950485 0.947758 0.945057 0.942388 0.939757 0.937171 0.934636 0.932159 0.929748 0.927409 0.92515 0.922977 0.9209 0.918925 0.91706 0.915314 0.913693 
1.01684 1.01676 1.01652 1.01612 1.01556 1.01485 1.01398 1.01296 1.0118 1.01048 1.00903 1.00745 1.00573 1.00389 1.00193 0.999852 0.997669 0.995384 0.993004 0.990535 0.987984 0.985358 0.982662 0.979905 0.977093 0.974233 0.971332 0.968396 0.965433 0.962448 0.95945 0.956444 0.953437 0.950436 0.947447 0.944477 0.941533 0.93862 0.935746 0.932916 0.930138 0.927419 0.924765 0.922182 0.919679 0.917262 0.914938 0.912715 0.910601 0.908601 0.906723 
1.01967 1.01958 1.01932 1.01889 1.01828 1.0175 1.01656 1.01546 1.01419 1.01277 1.01119 1.00947 1.00761 1.00561 1.00349 1.00124 0.998869 0.996393 0.993814 0.99114 0.988376 0.985532 0.982614 0.979629 0.976585 0.973489 0.970349 0.967171 0.963963 0.960732 0.957485 0.95423 0.950972 0.947719 0.944478 0.941256 0.938058 0.934892 0.931765 0.928683 0.925652 0.922679 0.919772 0.916936 0.914178 0.911506 0.908926 0.906445 0.904069 0.901805 0.89966 
1.02284 1.02275 1.02247 1.022 1.02134 1.0205 1.01948 1.01828 1.01691 1.01537 1.01366 1.0118 1.00979 1.00762 1.00532 1.00289 1.00033 0.997654 0.994867 0.991977 0.988991 0.985919 0.982767 0.979544 0.976257 0.972915 0.969525 0.966095 0.962632 0.959144 0.955639 0.952123 0.948605 0.94509 0.941587 0.938101 0.934641 0.931212 0.927822 0.924476 0.921182 0.917947 0.914776 0.911676 0.908654 0.905717 0.90287 0.90012 0.897474 0.894936 0.892515 
1.0264 1.0263 1.02599 1.02548 1.02477 1.02386 1.02276 1.02146 1.01998 1.01832 1.01647 1.01446 1.01228 1.00995 1.00746 1.00484 1.00208 0.999188 0.996181 0.993064 0.989846 0.986534 0.983138 0.979665 0.976124 0.972525 0.968874 0.96518 0.961451 0.957695 0.95392 0.950134 0.946343 0.942557 0.93878 0.935022 0.931288 0.927586 0.923922 0.920303 0.916736 0.913228 0.909783 0.90641 0.903114 0.899901 0.896777 0.89375 0.890823 0.888003 0.885295 
1.03037 1.03026 1.02993 1.02938 1.02861 1.02763 1.02643 1.02504 1.02343 1.02164 1.01965 1.01748 1.01513 1.01261 1.00993 1.0071 1.00413 1.00101 0.997776 0.994421 0.990957 0.987394 0.983741 0.980007 0.9762 0.972331 0.968407 0.964438 0.960431 0.956396 0.95234 0.948271 0.944198 0.940127 0.936067 0.932025 0.928007 0.924021 0.920074 0.916172 0.912321 0.908529 0.904801 0.901144 0.897564 0.894066 0.890657 0.887341 0.884125 0.881014 0.878012 
1.03477 1.03466 1.0343 1.03371 1.03288 1.03182 1.03053 1.02902 1.0273 1.02536 1.02322 1.02087 1.01834 1.01563 1.01275 1.0097 1.0065 1.00315 0.999674 0.996067 0.992345 0.988518 0.984595 0.980586 0.9765 0.972348 0.968139 0.963881 0.959584 0.955257 0.950908 0.946545 0.942177 0.937812 0.933457 0.929119 0.924806 0.920526 0.916284 0.912088 0.907944 0.903858 0.899837 0.895886 0.892012 0.88822 0.884515 0.880903 0.877389 0.873978 0.870673 
1.03966 1.03953 1.03915 1.03851 1.03762 1.03647 1.03509 1.03346 1.0316 1.02951 1.0272 1.02469 1.02196 1.01905 1.01594 1.01267 1.00923 1.00563 1.00189 0.998022 0.994028 0.989922 0.985715 0.981417 0.977039 0.972591 0.968082 0.963523 0.958922 0.95429 0.949635 0.944966 0.940291 0.935618 0.930956 0.926312 0.921693 0.917107 0.91256 0.908059 0.903611 0.899222 0.894897 0.890643 0.886466 0.88237 0.878361 0.874443 0.870623 0.866903 0.863288 
1.04506 1.04492 1.04451 1.04382 1.04286 1.04163 1.04013 1.03838 1.03638 1.03413 1.03165 1.02894 1.02601 1.02287 1.01954 1.01602 1.01233 1.00847 1.00446 1.00031 0.996026 0.991626 0.98712 0.982519 0.977833 0.973074 0.968251 0.963376 0.958458 0.953507 0.948533 0.943544 0.938549 0.933557 0.928575 0.923613 0.918676 0.913772 0.908909 0.904093 0.89933 0.894627 0.889989 0.885422 0.880932 0.876523 0.8722 0.867969 0.863834 0.859798 0.855866 
1.05102 1.05087 1.05042 1.04968 1.04865 1.04732 1.04571 1.04383 1.04167 1.03925 1.03658 1.03367 1.03052 1.02715 1.02357 1.01979 1.01583 1.01169 1.00739 1.00294 0.99836 0.99365 0.988829 0.983907 0.978898 0.973812 0.96866 0.963454 0.958204 0.95292 0.947611 0.942289 0.936961 0.931636 0.926323 0.921029 0.915762 0.91053 0.905339 0.900197 0.895109 0.890081 0.885119 0.88023 0.875417 0.870686 0.866042 0.861489 0.857031 0.852671 0.848414 
1.05757 1.05741 1.05693 1.05613 1.05502 1.05359 1.05186 1.04983 1.04751 1.04491 1.04204 1.0389 1.03552 1.03191 1.02806 1.02401 1.01976 1.01533 1.01072 1.00596 1.00105 0.996014 0.990859 0.985601 0.98025 0.974821 0.969323 0.96377 0.958172 0.952539 0.946882 0.941212 0.935536 0.929865 0.924207 0.918569 0.91296 0.907387 0.901858 0.896377 0.890953 0.885591 0.880296 0.875074 0.869929 0.864868 0.859893 0.855009 0.850221 0.84553 0.840941 
1.06477 1.0646 1.06408 1.06322 1.06202 1.06048 1.05862 1.05643 1.05394 1.05114 1.04805 1.04469 1.04105 1.03717 1.03305 1.0287 1.02415 1.0194 1.01447 1.00937 1.00412 0.998738 0.993232 0.987617 0.981908 0.976116 0.970256 0.964338 0.958375 0.952378 0.946357 0.940323 0.934286 0.928254 0.922237 0.916242 0.910278 0.904352 0.898471 0.892642 0.886871 0.881163 0.875524 0.86996 0.864475 0.859074 0.85376 0.848538 0.843411 0.838382 0.833455 
1.07266 1.07248 1.07192 1.07099 1.0697 1.06804 1.06603 1.06368 1.061 1.05799 1.05467 1.05105 1.04715 1.04298 1.03856 1.0339 1.02902 1.02393 1.01866 1.0132 1.0076 1.00184 0.995966 0.989975 0.983887 0.977715 0.971472 0.965172 0.958826 0.952447 0.946046 0.939633 0.933218 0.926811 0.92042 0.914055 0.907723 0.901432 0.895188 0.888998 0.882868 0.876805 0.870812 0.864896 0.859061 0.853311 0.84765 0.842081 0.836609 0.831235 0.825962 
1.0813 1.0811 1.0805 1.0795 1.07811 1.07632 1.07416 1.07163 1.06874 1.0655 1.06193 1.05805 1.05386 1.04938 1.04464 1.03964 1.03441 1.02896 1.02332 1.01749 1.0115 1.00536 0.999082 0.992694 0.986206 0.979632 0.972988 0.966286 0.959539 0.95276 0.945961 0.939151 0.932343 0.925545 0.918767 0.912017 0.905303 0.898633 0.892014 0.885452 0.878953 0.872522 0.866166 0.859888 0.853694 0.847586 0.841569 0.835647 0.829821 0.824095 0.818471 
1.09075 1.09053 1.08988 1.0888 1.0873 1.08538 1.08305 1.08032 1.07721 1.07373 1.06989 1.06571 1.06121 1.0564 1.05131 1.04596 1.04035 1.03452 1.02848 1.02225 1.01585 1.00929 1.0026 0.995794 0.988883 0.981886 0.974818 0.967693 0.960526 0.953328 0.946112 0.938889 0.931671 0.924466 0.917285 0.910135 0.903026 0.895964 0.888957 0.88201 0.87513 0.868322 0.861592 0.854943 0.848379 0.841906 0.835525 0.82924 0.823054 0.816969 0.810986 
1.10106 1.10083 1.10013 1.09896 1.09734 1.09527 1.09275 1.08982 1.08646 1.08271 1.07858 1.07409 1.06925 1.06409 1.05863 1.05289 1.04688 1.04064 1.03418 1.02752 1.02068 1.01368 1.00655 0.999294 0.991936 0.984492 0.976978 0.969409 0.9618 0.954163 0.946511 0.938857 0.93121 0.923582 0.915982 0.908418 0.900898 0.893431 0.886022 0.878679 0.871407 0.86421 0.857095 0.850065 0.843123 0.836275 0.829522 0.822867 0.816313 0.809863 0.803516 
1.11231 1.11206 1.1113 1.11004 1.10829 1.10605 1.10334 1.10017 1.09656 1.09252 1.08807 1.08324 1.07804 1.07249 1.06663 1.06047 1.05403 1.04735 1.04043 1.03332 1.02601 1.01855 1.01094 1.00321 0.995384 0.987468 0.979484 0.971447 0.963373 0.955276 0.947168 0.939063 0.93097 0.922901 0.914865 0.906871 0.898927 0.89104 0.883217 0.875465 0.867788 0.860192 0.852681 0.84526 0.837932 0.8307 0.823566 0.816534 0.809606 0.802783 0.796066 
1.12457 1.1243 1.12348 1.12212 1.12023 1.11781 1.11488 1.11146 1.10756 1.1032 1.09841 1.09321 1.08761 1.08165 1.07535 1.06874 1.06185 1.05468 1.04729 1.03968 1.03188 1.02391 1.01581 1.00758 0.999245 0.99083 0.98235 0.973821 0.965259 0.956679 0.948094 0.939517 0.930959 0.922431 0.913942 0.905502 0.897118 0.888797 0.880547 0.872372 0.86428 0.856273 0.848357 0.840534 0.83281 0.825185 0.817663 0.810246 0.802936 0.795734 0.788641 
1.13793 1.13764 1.13675 1.13528 1.13323 1.13061 1.12745 1.12375 1.11954 1.11483 1.10966 1.10406 1.09803 1.09162 1.08485 1.07776 1.07036 1.06269 1.05477 1.04663 1.0383 1.02981 1.02117 1.0124 1.00354 0.994596 0.985592 0.976544 0.96747 0.958383 0.949299 0.940229 0.931186 0.92218 0.913221 0.904317 0.895477 0.886708 0.878016 0.869407 0.860886 0.852457 0.844125 0.835892 0.827761 0.819736 0.811818 0.804009 0.79631 0.788722 0.781247 
1.15247 1.15215 1.15119 1.1496 1.14737 1.14454 1.14111 1.13711 1.13256 1.12748 1.1219 1.11585 1.10936 1.10246 1.09518 1.08756 1.07962 1.07139 1.06292 1.05422 1.04532 1.03625 1.02704 1.01771 1.00828 0.998782 0.989225 0.979631 0.970017 0.960399 0.950791 0.941207 0.931657 0.922154 0.912706 0.903322 0.894011 0.884778 0.875631 0.866574 0.857613 0.84875 0.839991 0.831337 0.822792 0.814357 0.806035 0.797826 0.789731 0.781752 0.773888 
1.1683 1.16795 1.16691 1.16518 1.16276 1.15969 1.15598 1.15164 1.14671 1.14121 1.13518 1.12865 1.12165 1.11422 1.10638 1.09819 1.08966 1.08085 1.07177 1.06246 1.05295 1.04327 1.03346 1.02352 1.0135 1.0034 0.993263 0.983092 0.972911 0.962736 0.95258 0.942458 0.93238 0.922359 0.912404 0.902522 0.892723 0.883012 0.873395 0.863877 0.854462 0.845155 0.835958 0.826874 0.817905 0.809052 0.800318 0.791701 0.783205 0.774827 0.76657 
